3.064879
3.364349
3.426121
3.717944
3.775561
4.058546
4.110618
4.390628
4.442842
4.726723
4.785866
5.076156
5.144801
5.428845
5.494358
5.772541
5.835155
6.110257
6.172623
6.444025
6.505430
6.772954
6.833120
7.102932
7.167950
7.436111
7.502024
7.759728
7.817640
8.072923
8.130704
8.380845
8.435699
8.684313
8.739760
8.988648
9.046445
9.295040
9.354589
9.608090
9.674566
9.949933
10.040337
10.303353
10.383672
10.644364
10.724433
10.987457
11.071869
11.327651
11.406812
11.667324
11.753093
12.006351
12.086750
12.331446
12.405051
12.647083
12.719673
12.961029
13.034533
13.271930
13.343025
13.586011
13.664184
13.901658
13.975825
14.206401
14.275092
14.506006
14.576374
14.803002
14.870397
15.092996
15.157612
15.387023
15.459652
15.687575
15.759946
15.988222
16.062140
16.284996
16.354666
16.573889
16.641035
16.858448
16.924849
17.140825
17.206820
17.419609
17.483421
17.692829
17.754225
17.969202
18.037098
18.250469
18.317711
18.529383
18.595854
18.811815
18.883480
19.095715
19.164572
19.373407
19.439751
19.643013
19.704638
19.910906
19.976349
20.184961
20.253574
20.457191
20.521643
20.721035
20.782059
20.996544
21.073433
21.279091
21.348011
21.551710
21.619478
21.820786
21.886955
22.090111
22.158913
22.362091
22.431713
22.638315
22.712160
22.921404
22.998714
23.202675
23.275553
23.477726
23.549646
23.756628
23.834179
24.041100
24.119453
24.322407
24.397675
24.596439
24.668388
24.865667
24.936985
25.137924
25.213760
25.414249
25.490536
25.686216
25.758610
25.953398
26.025799
26.223459
26.299643
26.492413
26.564657
26.754835
26.825424
27.011108
27.078146
27.257105
27.318342
27.493914
27.552658
27.721561
27.774521
27.937037
27.984455
28.141596
28.184456
28.335270
28.372585
28.519171
28.553005
28.700325
28.735626
28.878456
28.910009
29.055954
29.091351
29.231352
29.261559
29.398510
29.426386
29.560928
29.587099
29.722067
29.749363
29.884989
29.913658
30.049572
30.079258
30.212347
30.239946
30.371037
30.397362
30.524946
30.548479
30.676908
30.701988
30.826921
30.849213
30.972719
30.994274
31.118336
31.141138
31.261627
31.281553
31.397757
31.414062
31.540707
31.568129
31.685181
31.703745
31.820105
31.838648
31.953575
31.971357
32.089630
32.111439
32.230034
32.252876
32.375046
32.402195
32.522194
32.547943
32.666477
32.691517
32.813927
32.843601
32.961376
32.987209
33.106884
33.135387
33.257225
33.288692
33.407330
33.436420
33.555679
33.586201
33.704769
33.735420
33.850174
33.877834
33.994133
34.024132
34.136051
34.162487
34.276817
34.306450
34.419281
34.448235
34.558430
34.585556
34.691788
34.715736
34.825260
34.853264
