142.893158
142.404312
142.303665
141.832413
141.739532
141.287460
141.204422
140.761978
140.679626
140.236221
140.144028
139.696228
139.590591
139.158127
139.058624
138.640686
138.546844
138.139114
138.046921
137.650269
137.560760
137.175339
137.088882
136.705948
136.613953
136.239304
136.147507
135.793152
135.713745
135.368286
135.290329
134.957336
134.884537
134.559082
134.486725
134.166550
134.092453
133.778458
133.703522
133.389511
133.307510
132.973907
132.865036
132.553970
132.459518
132.158630
132.066757
131.770874
131.676529
131.396393
131.310242
131.032822
130.942154
130.680283
130.597748
130.352127
130.278748
130.043045
129.972855
129.745132
129.676315
129.459595
129.395187
129.181030
129.112747
128.911102
128.848694
128.660202
128.604538
128.423080
128.368317
128.197464
128.147141
127.986366
127.940155
127.781937
127.732437
127.582962
127.536095
127.394234
127.348930
127.218117
127.177788
127.056572
127.019981
126.907158
126.873230
126.768539
126.737076
126.641205
126.612961
126.525734
126.500633
126.418571
126.393234
126.319443
126.296768
126.231194
126.211174
126.152260
126.133385
126.083473
126.067909
126.026581
126.014046
125.981262
125.971840
125.946167
125.938614
125.920601
125.915337
125.905548
125.903038
125.900940
125.900833
125.907089
125.910187
125.924660
125.930206
125.952728
125.960899
125.991241
126.001869
126.040749
126.054634
126.101967
126.118927
126.175880
126.197090
126.264053
126.289734
126.364105
126.391525
126.474182
126.504425
126.598442
126.634651
126.738350
126.778641
126.889900
126.932114
127.050308
127.093971
127.220406
127.266991
127.405304
127.458511
127.606308
127.663582
127.817375
127.875221
128.037781
128.099167
128.273987
128.342453
128.522675
128.591202
128.778519
128.848999
129.041107
129.111343
129.305145
129.372208
129.570648
129.637741
129.836426
129.899292
130.097672
130.156021
130.354538
130.409073
130.605774
130.654739
130.851700
130.897415
131.101166
131.150253
131.353378
131.398468
131.611801
131.663818
131.874008
131.919571
132.130432
132.173523
132.385742
132.427185
132.645187
132.689453
132.913773
132.961395
133.191589
133.242081
133.472794
133.520828
133.753250
133.800095
134.031235
134.074005
134.311661
134.358231
134.594254
134.636490
134.874542
134.916214
135.160126
135.205093
135.446640
135.486694
135.723969
135.757339
136.020935
136.078217
136.326599
136.366089
136.617477
136.657639
136.910355
136.949554
137.214340
137.263306
137.533752
137.585999
137.869949
137.933273
138.217590
138.278793
138.564972
138.625610
138.926865
139.000168
139.295609
139.360626
139.666534
139.739655
140.057205
140.139557
140.454803
140.532394
140.855423
140.938416
141.265793
141.350769
141.673599
141.751694
142.084991
142.171295
142.497971
142.575394
142.915207
143.003616
143.345184
143.433167
143.772812
143.856720
144.189850
144.265182
144.614624
144.704300
